MSO 1: 13  27  28
MSO 2: 9  14  19   6  28
MSO 3: 9  14  19   6  27  13
MSO 4: 7  15  24  25  26   5  19
MSO 5: 7  15  24  25  26   5   9  14   6  28
MSO 6: 7  15  24  25  26   5   9  14   6  27  13
MSO 7: 3   4   8  10  11  16  17  18  20  21  22  23  29   2  15  19  24  26   7
MSO 8: 9  14   6   3   4   8  10  11  16  17  18  20  21  22  23  29   2  15  24  26   7  28
MSO 9: 9  14   6   3   4   8  10  11  16  17  18  20  21  22  23  29   2  15  24  26   7  27  13
MSO 10: 3   4   8  10  11  16  17  18  20  21  22  23  29   2  25   5  19  24
MSO 11: 3   4   8  10  11  16  17  18  20  21  22  23  29   2  25   5  15  26   7  24
MSO 12: 3   4   8  10  11  16  17  18  20  21  22  23  29   2  25   5  15  26   7  19
MSO 13: 3   4   8  10  11  16  17  18  20  21  22  23  29   2  25   5   9  14   6  24  28
MSO 14: 27  13   3   4   8  10  11  16  17  18  20  21  22  23  29   2  25   5   9  14   6  24
MSO 15: 3   4   8  10  11  16  17  18  20  21  22  23  29   2  25   5   9  14   6  15  26   7  28
MSO 16: 3   4   8  10  11  16  17  18  20  21  22  23  29   2  25   5   9  14   6  15  26   7  27  13
MSO 17: 1  16  18  20  21  22  23   8
MSO 18: 1   3   4  10  11  17  29   2  15  19  24  26   7  16  18  20  21  22  23
MSO 19: 1   3   4  10  11  17  29   2  15  19  24  26   7   8  18  20  21  22  23
MSO 20: 1   3   4  10  11  17  29   2  15  19  24  26   7   8  16  20  21  22  23
MSO 21: 1   3   4  10  11  17  29   2  15  19  24  26   7   8  16  18  21  22  23
MSO 22: 1   3   4  10  11  17  29   2  15  19  24  26   7   8  16  18  20  22  23
MSO 23: 1   3   4  10  11  17  29   2  15  19  24  26   7   8  16  18  20  21  23
MSO 24: 1   3   4  10  11  17  29   2  15  19  24  26   7   8  16  18  20  21  22
MSO 25: 9  14   6   1   3   4  10  11  17  29   2  15  24  26   7  18  20  21  22  23  16  28
MSO 26: 9  14   6  27  13   1   3   4  10  11  17  29   2  15  24  26   7  18  20  21  22  23  16
MSO 27: 9  14   6   1   3   4  10  11  17  29   2  15  24  26   7   8  20  21  22  23  18  28
MSO 28: 1   9  14   6   3   4  10  11  17  29   2  15  24  26   7   8  16  20  21  22  23  28
MSO 29: 1   9  14   6   3   4  10  11  17  29   2  15  24  26   7   8  16  18  21  22  23  28
MSO 30: 1   9  14   6   3   4  10  11  17  29   2  15  24  26   7   8  16  18  20  22  23  28
MSO 31: 1   9  14   6   3   4  10  11  17  29   2  15  24  26   7   8  16  18  20  21  23  28
MSO 32: 1   9  14   6   3   4  10  11  17  29   2  15  24  26   7   8  16  18  20  21  22  28
MSO 33: 9  14   6  27  13   1   3   4  10  11  17  29   2  15  24  26   7   8  20  21  22  23  18
MSO 34: 27  13   1   9  14   6   3   4  10  11  17  29   2  15  24  26   7   8  16  21  22  23  20
MSO 35: 27  13   1   9  14   6   3   4  10  11  17  29   2  15  24  26   7   8  16  18  22  23  21
MSO 36: 27  13   1   9  14   6   3   4  10  11  17  29   2  15  24  26   7   8  16  18  20  23  22
MSO 37: 27  13   1   9  14   6   3   4  10  11  17  29   2  15  24  26   7   8  16  18  20  21  23
MSO 38: 1   9  14   6   3   4  10  11  17  29   2  15  24  26   7   8  27  13  16  18  20  21  22
MSO 39: 1   3   4  10  11  17  29   2  25   5  16  18  19  20  21  22  23  24
MSO 40: 1   3   4  10  11  17  29   2  25   5   8  18  19  20  21  22  23  24
MSO 41: 1   3   4  10  11  17  29   2  25   5   8  16  19  20  21  22  23  24
MSO 42: 1   8  16  18   3   4  10  11  17  29   2  25   5  24  19  21  22  23
MSO 43: 1   8  16  18   3   4  10  11  17  29   2  25   5  24  19  20  22  23
MSO 44: 1   8  16  18   3   4  10  11  17  29   2  25   5  24  19  20  21  23
MSO 45: 1   8  16  18   3   4  10  11  17  29   2  25   5  24  19  20  21  22
MSO 46: 25   5  15  26   7   1   3   4  10  11  17  29   2  18  20  21  22  23  16  24
MSO 47: 25   5  15  26   7   1   3   4  10  11  17  29   2  18  20  21  22  23  16  19
MSO 48: 25   5  15  26   7   1   3   4  10  11  17  29   2   8  20  21  22  23  18  24
MSO 49: 25   5  15  26   7   1   3   4  10  11  17  29   2   8  20  21  22  23  18  19
MSO 50: 1   3   4  10  11  17  29   2  25   5  15  26   7   8  16  20  21  22  23  24
MSO 51: 25   5  15  26   7  19   1   3   4  10  11  17  29   2   8  16  21  22  23  20
MSO 52: 1   3   4  10  11  17  29   2  25   5  15  26   7   8  16  18  21  22  23  24
MSO 53: 1   3   4  10  11  17  29   2  25   5  15  26   7   8  16  18  20  22  23  24
MSO 54: 1   3   4  10  11  17  29   2  25   5  15  26   7   8  16  18  20  21  23  24
MSO 55: 1   3   4  10  11  17  29   2  25   5  15  26   7   8  16  18  20  21  22  24
MSO 56: 25   5  15  26   7  19   1   3   4  10  11  17  29   2   8  16  18  22  23  21
MSO 57: 25   5  15  26   7  19   1   3   4  10  11  17  29   2   8  16  18  20  23  22
MSO 58: 25   5  15  26   7  19   1   3   4  10  11  17  29   2   8  16  18  20  21  23
MSO 59: 1   3   4  10  11  17  29   2  25   5  15  26   7   8  16  18  19  20  21  22
MSO 60: 9  14   6   1   3   4  10  11  17  29   2  25   5  18  20  21  22  23  24  16  28
MSO 61: 9  14   6  27  13   1   3   4  10  11  17  29   2  25   5  18  20  21  22  23  24  16
MSO 62: 9  14   6   1   3   4  10  11  17  29   2  25   5   8  20  21  22  23  24  18  28
MSO 63: 1   3   4  10  11  17  29   2  25   5   9  14   6   8  16  20  21  22  23  24  28
MSO 64: 1   3   4  10  11  17  29   2  25   5   9  14   6   8  16  18  21  22  23  24  28
MSO 65: 1   3   4  10  11  17  29   2  25   5   9  14   6   8  16  18  20  22  23  24  28
MSO 66: 1   3   4  10  11  17  29   2  25   5   9  14   6   8  16  18  20  21  23  24  28
MSO 67: 1   3   4  10  11  17  29   2  25   5   9  14   6   8  16  18  20  21  22  24  28
MSO 68: 9  14   6  27  13   1   3   4  10  11  17  29   2  25   5   8  20  21  22  23  24  18
MSO 69: 27  13   1   3   4  10  11  17  29   2  25   5   9  14   6   8  16  21  22  23  24  20
MSO 70: 27  13   1   3   4  10  11  17  29   2  25   5   9  14   6   8  16  18  22  23  24  21
MSO 71: 27  13   1   3   4  10  11  17  29   2  25   5   9  14   6   8  16  18  20  23  24  22
MSO 72: 27  13   1   3   4  10  11  17  29   2  25   5   9  14   6   8  16  18  20  21  24  23
MSO 73: 27  13   1   3   4  10  11  17  29   2  25   5   9  14   6   8  16  18  20  21  22  24
MSO 74: 25   5   9  14   6  15  26   7   1   3   4  10  11  17  29   2  18  20  21  22  23  16  28
MSO 75: 25   5   9  14   6  15  26   7  27  13   1   3   4  10  11  17  29   2  18  20  21  22  23  16
MSO 76: 25   5   9  14   6  15  26   7   1   3   4  10  11  17  29   2   8  20  21  22  23  18  28
MSO 77: 25   5   9  14   6  15  26   7   1   3   4  10  11  17  29   2   8  16  21  22  23  20  28
MSO 78: 25   5   9  14   6  15  26   7   1   3   4  10  11  17  29   2   8  16  18  22  23  21  28
MSO 79: 25   5   9  14   6  15  26   7   1   3   4  10  11  17  29   2   8  16  18  20  23  22  28
MSO 80: 25   5   9  14   6  15  26   7   1   3   4  10  11  17  29   2   8  16  18  20  21  23  28
MSO 81: 1   3   4  10  11  17  29   2  25   5   9  14   6  15  26   7   8  16  18  20  21  22  28
MSO 82: 25   5   9  14   6  15  26   7  27  13   1   3   4  10  11  17  29   2   8  20  21  22  23  18
MSO 83: 25   5   9  14   6  15  26   7  27  13   1   3   4  10  11  17  29   2   8  16  21  22  23  20
MSO 84: 25   5   9  14   6  15  26   7  27  13   1   3   4  10  11  17  29   2   8  16  18  22  23  21
MSO 85: 25   5   9  14   6  15  26   7  27  13   1   3   4  10  11  17  29   2   8  16  18  20  23  22
MSO 86: 25   5   9  14   6  15  26   7  27  13   1   3   4  10  11  17  29   2   8  16  18  20  21  23
MSO 87: 1   3   4  10  11  17  29   2  25   5   9  14   6  15  26   7   8  27  13  16  18  20  21  22
