MSO 1: 15  30  31
MSO 2: 8  17  21  27  28  29   6
MSO 3: 5   9  12  13  18  20  22  24  25  26   4  17  21  27  29   8
MSO 4: 5   9  12  13  18  20  22  24  25  26   4  28   6  21  27
MSO 5: 5   9  12  13  18  20  22  24  25  26   4  28   6  17  29   8  27
MSO 6: 5   9  12  13  18  20  22  24  25  26   4  28   6  17  29   8  21
MSO 7: 23   2   9  13  17  18  20  21  24  26  27  29   8
MSO 8: 23   2  28   6  13  18  20  21  24  26  27   9
MSO 9: 28   6  17  29   8  23   2  13  18  20  24  26   9  27
MSO 10: 28   6  17  29   8  23   2  13  18  20  24  26   9  21
MSO 11: 23   2   5  12  22  25   4  13  18  20  24  26   9
MSO 12: 23   2   5  12  22  25   4  17  21  27  29   8  18  20  24  26  13
MSO 13: 23   2   5  12  22  25   4  17  21  27  29   8   9  18  20  24  26
MSO 14: 23   2   5  12  22  25   4  17  21  27  29   8   9  13  20  24  26
MSO 15: 23   2   5  12  22  25   4  17  21  27  29   8   9  13  18  24  26
MSO 16: 23   2   5  12  22  25   4  17  21  27  29   8   9  13  18  20  26
MSO 17: 23   2   5  12  22  25   4  17  21  27  29   8   9  13  18  20  24
MSO 18: 23   2   5  12  22  25   4  28   6  18  20  21  24  26  27  13
MSO 19: 23   2   5  12  22  25   4  28   6   9  18  20  21  24  26  27
MSO 20: 23   2   5  12  22  25   4  28   6   9  13  20  21  24  26  27
MSO 21: 23   2   5  12  22  25   4  28   6   9  13  18  21  24  26  27
MSO 22: 23   2   5  12  22  25   4   9  13  18  20  28   6  27  21  26
MSO 23: 23   2   5  12  22  25   4   9  13  18  20  28   6  27  21  24
MSO 24: 28   6  17  29   8  23   2   5  12  22  25   4  18  20  24  26  13  27
MSO 25: 28   6  17  29   8  23   2   5  12  22  25   4  18  20  24  26  13  21
MSO 26: 28   6  17  29   8  23   2   5  12  22  25   4   9  20  24  26  18  27
MSO 27: 28   6  17  29   8  23   2   5  12  22  25   4   9  20  24  26  18  21
MSO 28: 28   6  17  29   8  23   2   5  12  22  25   4   9  13  24  26  20  27
MSO 29: 28   6  17  29   8  23   2   5  12  22  25   4   9  13  24  26  20  21
MSO 30: 23   2   5  12  22  25   4  28   6  17  29   8   9  13  18  24  26  27
MSO 31: 28   6  17  29   8  21  23   2   5  12  22  25   4   9  13  18  26  24
MSO 32: 23   2   5  12  22  25   4  28   6  17  29   8   9  13  18  20  26  27
MSO 33: 23   2   5  12  22  25   4  28   6  17  29   8   9  13  18  20  24  27
MSO 34: 28   6  17  29   8  21  23   2   5  12  22  25   4   9  13  18  20  26
MSO 35: 23   2   5  12  22  25   4  28   6  17  29   8   9  13  18  20  21  24
MSO 36: 1  18  20  22  23  25  26   9
MSO 37: 1   5  12  13  24   4  17  21  27  29   8  18  20  22  23  25  26
MSO 38: 1   5  12  13  24   4  17  21  27  29   8   9  20  22  23  25  26
MSO 39: 1   5  12  13  24   4  17  21  27  29   8   9  18  22  23  25  26
MSO 40: 1   5  12  13  24   4  17  21  27  29   8   9  18  20  23  25  26
MSO 41: 5  12  13  24   4  17  21  27  29   8   9  18  20  22   1  23  26
MSO 42: 5  12  13  24   4  17  21  27  29   8   9  18  20  22   1  23  25
MSO 43: 1   5  12  13  24   4  28   6  18  20  21  22  23  25  26  27
MSO 44: 1   5  12  13  24   4  28   6   9  20  21  22  23  25  26  27
MSO 45: 1   5  12  13  24   4  28   6   9  18  21  22  23  25  26  27
MSO 46: 1   9  18  20   5  12  13  24   4  28   6  27  21  23  25  26
MSO 47: 9  18  20   5  12  13  24   4  28   6  27  21  22   1  23  26
MSO 48: 9  18  20   5  12  13  24   4  28   6  27  21  22   1  23  25
MSO 49: 28   6  17  29   8   1   5  12  13  24   4  20  22  23  25  26  18  27
MSO 50: 28   6  17  29   8   1   5  12  13  24   4  20  22  23  25  26  18  21
MSO 51: 28   6  17  29   8   1   5  12  13  24   4   9  22  23  25  26  20  27
MSO 52: 28   6  17  29   8   1   5  12  13  24   4   9  22  23  25  26  20  21
MSO 53: 1   5  12  13  24   4  28   6  17  29   8   9  18  22  23  25  26  27
MSO 54: 28   6  17  29   8  21   1   5  12  13  24   4   9  18  23  25  26  22
MSO 55: 1   5  12  13  24   4  28   6  17  29   8   9  18  20  23  25  26  27
MSO 56: 5  12  13  24   4  28   6  17  29   8   9  18  20  22   1  23  26  27
MSO 57: 5  12  13  24   4  28   6  17  29   8   9  18  20  22   1  23  25  27
MSO 58: 28   6  17  29   8  21   1   5  12  13  24   4   9  18  20  25  26  23
MSO 59: 28   6  17  29   8  21   5  12  13  24   4   9  18  20  22   1  23  26
MSO 60: 5  12  13  24   4  28   6  17  29   8   9  18  20  21  22   1  23  25
MSO 61: 1   2  13  17  21  24  27  29   8  18  22  23  25  26
MSO 62: 1   2  13  17  21  24  27  29   8  20   9  22  23  25  26
MSO 63: 2  13  17  21  24  27  29   8  20   9  18   1  25  22  26
MSO 64: 2  13  17  21  24  27  29   8  20   9  18   1  25  22  23
MSO 65: 1   2  28   6  18  21  22  23  24  25  26  27  13
MSO 66: 1  20   9   2  28   6  21  24  27  13  22  23  25  26
MSO 67: 20   9   2  28   6  21  24  27  13  18   1  25  22  26
MSO 68: 20   9   2  28   6  21  24  27  13  18   1  25  22  23
MSO 69: 28   6  17  29   8   1   2  18  22  23  24  25  26  13  27
MSO 70: 28   6  17  29   8   1   2  18  22  23  24  25  26  13  21
MSO 71: 1  28   6  17  29   8  20   9   2  24  13  22  23  25  26  27
MSO 72: 28   6  17  29   8  21   1  20   9   2  24  13  23  25  26  22
MSO 73: 28   6  17  29   8  20   9   2  24  13  18   1  25  22  26  27
MSO 74: 28   6  17  29   8  20   9   2  24  13  18   1  25  22  23  27
MSO 75: 28   6  17  29   8  21  20   9   2  24  13  18   1  25  22  26
MSO 76: 28   6  17  29   8  20   9   2  24  13  18  21   1  25  22  23
MSO 77: 1   2   5  12   4  18  20  22  23  24  25  26  13
MSO 78: 1   9   2   5  12   4  24  13  20  22  23  25  26
MSO 79: 1   9   2   5  12   4  24  13  18  22  23  25  26
MSO 80: 1   9   2   5  12   4  24  13  18  20  23  25  26
MSO 81: 1   9   2   5  12   4  24  13  18  20  22  25  26
MSO 82: 1   9   2   5  12   4  24  13  18  20  22  23  26
MSO 83: 1   9   2   5  12   4  24  13  18  20  22  23  25
MSO 84: 1   2   5  12   4  17  21  27  29   8  18  20  22  23  24  25  26
MSO 85: 1   2   5  12   4  17  21  27  29   8  13  20  22  23  24  25  26
MSO 86: 1   2  17  21  27  29   8  13  18   5  12   4  20  23  24  25  26
MSO 87: 1   2  17  21  27  29   8  13  18   5  12   4  20  22  24  25  26
MSO 88: 1   2  17  21  27  29   8  13  18   5  12   4  20  22  23  25  26
MSO 89: 1   2  17  21  27  29   8  13  18   5  12   4  20  22  23  24  26
MSO 90: 1   2  17  21  27  29   8  13  18   5  12   4  20  22  23  24  25
MSO 91: 1   2   5  12   4  17  21  27  29   8   9  20  22  23  24  25  26
MSO 92: 1   2   5  12   4  17  21  27  29   8   9  18  22  23  24  25  26
MSO 93: 1   2   5  12   4  17  21  27  29   8   9  18  20  23  24  25  26
MSO 94: 1   2   5  12   4  17  21  27  29   8   9  18  20  22  24  25  26
MSO 95: 1   9  18  20  22  23   2   5  12   4  17  21  27  29   8  24  26
MSO 96: 1   9  18  20  22  23   2   5  12   4  17  21  27  29   8  24  25
MSO 97: 1   2   5  12   4  17  21  27  29   8   9  13  22  23  24  25  26
MSO 98: 1   2   5  12   4  17  21  27  29   8   9  13  20  23  24  25  26
MSO 99: 1   2   5  12   4  17  21  27  29   8   9  13  20  22  24  25  26
MSO 100: 1   2   5  12   4  17  21  27  29   8   9  13  20  22  23  25  26
MSO 101: 1   2   5  12   4  17  21  27  29   8   9  13  20  22  23  24  26
MSO 102: 1   2   5  12   4  17  21  27  29   8   9  13  20  22  23  24  25
MSO 103: 1   2   5  12   4  17  21  27  29   8   9  13  18  23  24  25  26
MSO 104: 1   2   5  12   4  17  21  27  29   8   9  13  18  22  24  25  26
MSO 105: 1   2   5  12   4  17  21  27  29   8   9  13  18  22  23  25  26
MSO 106: 1   2   5  12   4  17  21  27  29   8   9  13  18  22  23  24  26
MSO 107: 1   2   5  12   4  17  21  27  29   8   9  13  18  22  23  24  25
MSO 108: 1   2   5  12   4  17  21  27  29   8   9  13  18  20  24  25  26
MSO 109: 1   2   5  12   4  17  21  27  29   8   9  13  18  20  23  25  26
MSO 110: 2  17  21  27  29   8   9  13  18  20  23  24   1   5  12   4  25
MSO 111: 1   2   5  12   4  17  21  27  29   8   9  13  18  20  22  25  26
MSO 112: 1   2   5  12   4  17  21  27  29   8   9  13  18  20  22  24  26
MSO 113: 1   2   5  12   4  17  21  27  29   8   9  13  18  20  22  24  25
MSO 114: 1   2   5  12   4  17  21  27  29   8   9  13  18  20  22  23  26
MSO 115: 1   2   5  12   4  17  21  27  29   8   9  13  18  20  22  23  25
MSO 116: 1   2   5  12   4  17  21  27  29   8   9  13  18  20  22  23  24
MSO 117: 1   2   5  12   4  28   6  18  20  21  22  23  24  25  26  27
MSO 118: 1   2   5  12   4  28   6  13  20  21  22  23  24  25  26  27
MSO 119: 1   2  13  18   5  12   4  20  28   6  27  21  23  24  25  26
MSO 120: 1   2  13  18   5  12   4  20  28   6  27  21  22  24  25  26
MSO 121: 1   2  13  18   5  12   4  20  28   6  27  21  22  23  25  26
MSO 122: 1   2  13  18   5  12   4  20  28   6  27  21  22  23  24  26
MSO 123: 1   2  13  18   5  12   4  20  28   6  27  21  22  23  24  25
MSO 124: 1   2   5  12   4  28   6   9  20  21  22  23  24  25  26  27
MSO 125: 1   2   5  12   4  28   6   9  18  21  22  23  24  25  26  27
MSO 126: 1   9  18  20   2   5  12   4  28   6  24  27  21  23  25  26
MSO 127: 1   9  18  20   2   5  12   4  28   6  24  27  21  22  25  26
MSO 128: 1   9  18  20   2   5  12   4  28   6  24  27  21  22  23  26
MSO 129: 1   9  18  20   2   5  12   4  28   6  24  27  21  22  23  25
MSO 130: 1   2   5  12   4  28   6   9  13  21  22  23  24  25  26  27
MSO 131: 1   2   5  12   4   9  13  20  28   6  27  21  23  24  25  26
MSO 132: 1   2   5  12   4   9  13  20  28   6  27  21  22  24  25  26
MSO 133: 1   2   5  12   4   9  13  20  28   6  27  21  22  23  25  26
MSO 134: 1   2   5  12   4   9  13  20  28   6  27  21  22  23  24  26
MSO 135: 1   2   5  12   4   9  13  20  28   6  27  21  22  23  24  25
MSO 136: 1   2   5  12   4   9  13  18  28   6  27  21  23  24  25  26
MSO 137: 1   2   5  12   4   9  13  18  28   6  27  21  22  24  25  26
MSO 138: 1   2   5  12   4   9  13  18  28   6  27  21  22  23  25  26
MSO 139: 1   2   5  12   4   9  13  18  28   6  27  21  22  23  24  26
MSO 140: 1   2   5  12   4   9  13  18  28   6  27  21  22  23  24  25
MSO 141: 1   2   5  12   4   9  13  18  20  28   6  27  21  24  25  26
MSO 142: 1   2   5  12   4   9  13  18  20  28   6  27  21  23  25  26
MSO 143: 2   9  13  18  20  28   6  27  21  23  24   1   5  12   4  25
MSO 144: 1   2   5  12   4   9  13  18  20  28   6  27  21  22  25  26
MSO 145: 1   2   5  12   4   9  13  18  20  28   6  27  21  22  24  26
MSO 146: 1   2   5  12   4   9  13  18  20  28   6  27  21  22  24  25
MSO 147: 1   2   5  12   4   9  13  18  20  28   6  27  21  22  23  26
MSO 148: 1   2   5  12   4   9  13  18  20  28   6  27  21  22  23  25
MSO 149: 1   2   5  12   4   9  13  18  20  28   6  27  21  22  23  24
MSO 150: 28   6  17  29   8   1   2   5  12   4  20  22  23  24  25  26  18  27
MSO 151: 28   6  17  29   8   1   2   5  12   4  20  22  23  24  25  26  18  21
MSO 152: 28   6  17  29   8   1   2   5  12   4  13  22  23  24  25  26  20  27
MSO 153: 28   6  17  29   8   1   2   5  12   4  13  22  23  24  25  26  20  21
MSO 154: 1   2  28   6  17  29   8  13  18   5  12   4  20  23  24  25  26  27
MSO 155: 1   2  28   6  17  29   8  13  18   5  12   4  20  22  24  25  26  27
MSO 156: 1   2  28   6  17  29   8  13  18   5  12   4  20  22  23  25  26  27
MSO 157: 1   2  28   6  17  29   8  13  18   5  12   4  20  22  23  24  26  27
MSO 158: 1   2  28   6  17  29   8  13  18   5  12   4  20  22  23  24  25  27
MSO 159: 28   6  17  29   8  21   1   2  13  18   5  12   4  20  24  25  26  23
MSO 160: 28   6  17  29   8  21   1   2  13  18   5  12   4  20  22  25  26  24
MSO 161: 28   6  17  29   8  21   1   2  13  18   5  12   4  20  22  23  26  25
MSO 162: 28   6  17  29   8  21   1   2  13  18   5  12   4  20  22  23  24  26
MSO 163: 1   2  28   6  17  29   8  13  18   5  12   4  20  21  22  23  24  25
MSO 164: 28   6  17  29   8   1   2   5  12   4   9  22  23  24  25  26  20  27
MSO 165: 28   6  17  29   8   1   2   5  12   4   9  22  23  24  25  26  20  21
MSO 166: 1   2   5  12   4  28   6  17  29   8   9  18  22  23  24  25  26  27
MSO 167: 28   6  17  29   8  21   1   2   5  12   4   9  18  23  24  25  26  22
MSO 168: 1   2   5  12   4  28   6  17  29   8   9  18  20  23  24  25  26  27
MSO 169: 1   2   5  12   4  28   6  17  29   8   9  18  20  22  24  25  26  27
MSO 170: 1   9  18  20  22  23   2   5  12   4  28   6  17  29   8  27  24  26
MSO 171: 1   9  18  20  22  23   2   5  12   4  28   6  17  29   8  27  24  25
MSO 172: 28   6  17  29   8  21   1   2   5  12   4   9  18  20  24  25  26  23
MSO 173: 28   6  17  29   8  21   1   2   5  12   4   9  18  20  22  25  26  24
MSO 174: 28   6  17  29   8  21   1   9  18  20  22  23   2   5  12   4  24  26
MSO 175: 1  28   6  17  29   8   9  18  20  21  22  23   2   5  12   4  24  25
MSO 176: 1   2   5  12   4  28   6  17  29   8   9  13  22  23  24  25  26  27
MSO 177: 28   6  17  29   8  21   1   2   5  12   4   9  13  23  24  25  26  22
MSO 178: 1   2   5  12   4  28   6  17  29   8   9  13  20  23  24  25  26  27
MSO 179: 1   2   5  12   4  28   6  17  29   8   9  13  20  22  24  25  26  27
MSO 180: 1   2   5  12   4  28   6  17  29   8   9  13  20  22  23  25  26  27
MSO 181: 1   2   5  12   4  28   6  17  29   8   9  13  20  22  23  24  26  27
MSO 182: 1   2   5  12   4  28   6  17  29   8   9  13  20  22  23  24  25  27
MSO 183: 28   6  17  29   8  21   1   2   5  12   4   9  13  20  24  25  26  23
MSO 184: 28   6  17  29   8  21   1   2   5  12   4   9  13  20  22  25  26  24
MSO 185: 28   6  17  29   8  21   1   2   5  12   4   9  13  20  22  23  26  25
MSO 186: 28   6  17  29   8  21   1   2   5  12   4   9  13  20  22  23  24  26
MSO 187: 1   2   5  12   4  28   6  17  29   8   9  13  20  21  22  23  24  25
MSO 188: 1   2   5  12   4  28   6  17  29   8   9  13  18  23  24  25  26  27
MSO 189: 1   2   5  12   4  28   6  17  29   8   9  13  18  22  24  25  26  27
MSO 190: 1   2   5  12   4  28   6  17  29   8   9  13  18  22  23  25  26  27
MSO 191: 1   2   5  12   4  28   6  17  29   8   9  13  18  22  23  24  26  27
MSO 192: 1   2   5  12   4  28   6  17  29   8   9  13  18  22  23  24  25  27
MSO 193: 28   6  17  29   8  21   1   2   5  12   4   9  13  18  24  25  26  23
MSO 194: 28   6  17  29   8  21   1   2   5  12   4   9  13  18  22  25  26  24
MSO 195: 28   6  17  29   8  21   1   2   5  12   4   9  13  18  22  23  26  25
MSO 196: 28   6  17  29   8  21   1   2   5  12   4   9  13  18  22  23  24  26
MSO 197: 1   2   5  12   4  28   6  17  29   8   9  13  18  21  22  23  24  25
MSO 198: 1   2   5  12   4  28   6  17  29   8   9  13  18  20  24  25  26  27
MSO 199: 1   2   5  12   4  28   6  17  29   8   9  13  18  20  23  25  26  27
MSO 200: 2  28   6  17  29   8   9  13  18  20  23  24   1   5  12   4  25  27
MSO 201: 1   2   5  12   4  28   6  17  29   8   9  13  18  20  22  25  26  27
MSO 202: 1   2   5  12   4  28   6  17  29   8   9  13  18  20  22  24  26  27
MSO 203: 1   2   5  12   4  28   6  17  29   8   9  13  18  20  22  24  25  27
MSO 204: 1   2   5  12   4  28   6  17  29   8   9  13  18  20  22  23  26  27
MSO 205: 1   2   5  12   4  28   6  17  29   8   9  13  18  20  22  23  25  27
MSO 206: 1   2   5  12   4  28   6  17  29   8   9  13  18  20  22  23  24  27
MSO 207: 28   6  17  29   8  21   1   2   5  12   4   9  13  18  20  25  26  24
MSO 208: 28   6  17  29   8  21   1   2   5  12   4   9  13  18  20  23  26  25
MSO 209: 2  28   6  17  29   8   9  13  18  20  21  23  24   1   5  12   4  25
MSO 210: 28   6  17  29   8  21   1   2   5  12   4   9  13  18  20  22  26  25
MSO 211: 28   6  17  29   8  21   1   2   5  12   4   9  13  18  20  22  24  26
MSO 212: 1   2   5  12   4  28   6  17  29   8   9  13  18  20  21  22  24  25
MSO 213: 28   6  17  29   8  21   1   2   5  12   4   9  13  18  20  22  23  26
MSO 214: 1   2   5  12   4  28   6  17  29   8   9  13  18  20  21  22  23  25
MSO 215: 1   2   5  12   4  28   6  17  29   8   9  13  18  20  21  22  23  24
