MSO 1: 28
MSO 2: 21
MSO 3: 32  33  15
MSO 4: 8  17  22  29  30  31   6
MSO 5: 5   9  12  13  18  20  23  25  26  27   4  17  22  29  31   8
MSO 6: 5   9  12  13  18  20  23  25  26  27   4  30   6  29  22
MSO 7: 5   9  12  13  18  20  23  25  26  27   4  30   6  17  31   8  29
MSO 8: 5   9  12  13  18  20  23  25  26  27   4  30   6  17  31   8  22
MSO 9: 24   2   9  13  17  18  20  22  25  27  29  31   8
MSO 10: 24   2  30   6  13  18  20  22  25  27  29   9
MSO 11: 30   6  17  31   8  24   2  13  18  20  25  27   9  29
MSO 12: 30   6  17  31   8  24   2  13  18  20  25  27   9  22
MSO 13: 24   2   5  12  23  26   4  13  18  20  25  27   9
MSO 14: 24   2   5  12  23  26   4  17  22  29  31   8  18  20  25  27  13
MSO 15: 24   2   5  12  23  26   4  17  22  29  31   8   9  20  25  27  18
MSO 16: 24   2   5  12  23  26   4  17  22  29  31   8   9  13  25  27  20
MSO 17: 24   2   5  12  23  26   4  17  22  29  31   8   9  13  18  27  25
MSO 18: 24   2   5  12  23  26   4  17  22  29  31   8   9  13  18  20  27
MSO 19: 24   2   5  12  23  26   4  17  22  29  31   8   9  13  18  20  25
MSO 20: 24   2   5  12  23  26   4  30   6  18  20  22  25  27  29  13
MSO 21: 24   2   5  12  23  26   4  30   6   9  20  22  25  27  29  18
MSO 22: 24   2   5  12  23  26   4  30   6   9  13  22  25  27  29  20
MSO 23: 24   2   5  12  23  26   4  30   6   9  13  18  25  27  29  22
MSO 24: 24   2   5  12  23  26   4   9  13  18  20  30   6  29  22  27
MSO 25: 24   2   5  12  23  26   4   9  13  18  20  30   6  29  22  25
MSO 26: 30   6  17  31   8  24   2   5  12  23  26   4  18  20  25  27  13  29
MSO 27: 30   6  17  31   8  24   2   5  12  23  26   4  18  20  25  27  13  22
MSO 28: 30   6  17  31   8  24   2   5  12  23  26   4   9  20  25  27  18  29
MSO 29: 30   6  17  31   8  24   2   5  12  23  26   4   9  20  25  27  18  22
MSO 30: 30   6  17  31   8  24   2   5  12  23  26   4   9  13  25  27  20  29
MSO 31: 30   6  17  31   8  24   2   5  12  23  26   4   9  13  25  27  20  22
MSO 32: 24   2   5  12  23  26   4  30   6  17  31   8   9  13  18  27  29  25
MSO 33: 30   6  17  31   8  22  24   2   5  12  23  26   4   9  13  18  27  25
MSO 34: 24   2   5  12  23  26   4  30   6  17  31   8   9  13  18  20  29  27
MSO 35: 24   2   5  12  23  26   4  30   6  17  31   8   9  13  18  20  25  29
MSO 36: 30   6  17  31   8  22  24   2   5  12  23  26   4   9  13  18  20  27
MSO 37: 24   2   5  12  23  26   4  30   6  17  31   8   9  13  18  20  22  25
MSO 38: 1  18  20  23  24  26  27   9
MSO 39: 1   5  12  13  25   4  17  22  29  31   8  20  23  24  26  27  18
MSO 40: 1   5  12  13  25   4  17  22  29  31   8   9  23  24  26  27  20
MSO 41: 1   5  12  13  25   4  17  22  29  31   8   9  18  24  26  27  23
MSO 42: 1   5  12  13  25   4  17  22  29  31   8   9  18  20  26  27  24
MSO 43: 5  12  13  25   4  17  22  29  31   8   9  18  20  23   1  24  27
MSO 44: 5  12  13  25   4  17  22  29  31   8   9  18  20  23   1  24  26
MSO 45: 1   5  12  13  25   4  30   6  20  22  23  24  26  27  29  18
MSO 46: 1   5  12  13  25   4  30   6   9  22  23  24  26  27  29  20
MSO 47: 1   5  12  13  25   4  30   6   9  18  23  24  26  27  29  22
MSO 48: 1   9  18  20   5  12  13  25   4  30   6  29  22  26  27  24
MSO 49: 9  18  20   5  12  13  25   4  30   6  29  22  23   1  24  27
MSO 50: 9  18  20   5  12  13  25   4  30   6  29  22  23   1  24  26
MSO 51: 30   6  17  31   8   1   5  12  13  25   4  20  23  24  26  27  18  29
MSO 52: 30   6  17  31   8   1   5  12  13  25   4  20  23  24  26  27  18  22
MSO 53: 30   6  17  31   8   1   5  12  13  25   4   9  23  24  26  27  20  29
MSO 54: 30   6  17  31   8   1   5  12  13  25   4   9  23  24  26  27  20  22
MSO 55: 1   5  12  13  25   4  30   6  17  31   8   9  18  24  26  27  29  23
MSO 56: 30   6  17  31   8  22   1   5  12  13  25   4   9  18  24  26  27  23
MSO 57: 1   5  12  13  25   4  30   6  17  31   8   9  18  20  26  27  29  24
MSO 58: 5  12  13  25   4  30   6  17  31   8   9  18  20  23   1  24  29  27
MSO 59: 5  12  13  25   4  30   6  17  31   8   9  18  20  23   1  24  26  29
MSO 60: 30   6  17  31   8  22   1   5  12  13  25   4   9  18  20  26  27  24
MSO 61: 30   6  17  31   8  22   5  12  13  25   4   9  18  20  23   1  24  27
MSO 62: 5  12  13  25   4  30   6  17  31   8   9  18  20  22  23   1  24  26
MSO 63: 1   2  13  17  22  25  29  31   8  23  24  26  27  18
MSO 64: 1   2  13  17  22  25  29  31   8  20   9  24  26  27  23
MSO 65: 2  13  17  22  25  29  31   8  20   9  18   1  26  23  27
MSO 66: 2  13  17  22  25  29  31   8  20   9  18   1  26  23  24
MSO 67: 1   2  30   6  18  22  23  24  25  26  27  29  13
MSO 68: 1  20   9   2  30   6  22  25  29  13  24  26  27  23
MSO 69: 20   9   2  30   6  22  25  29  13  18   1  26  23  27
MSO 70: 20   9   2  30   6  22  25  29  13  18   1  26  23  24
MSO 71: 30   6  17  31   8   1   2  18  23  24  25  26  27  13  29
MSO 72: 30   6  17  31   8   1   2  18  23  24  25  26  27  13  22
MSO 73: 1  30   6  17  31   8  20   9   2  25  13  24  26  27  29  23
MSO 74: 30   6  17  31   8  22   1  20   9   2  25  13  24  26  27  23
MSO 75: 30   6  17  31   8  20   9   2  25  13  18   1  26  23  29  27
MSO 76: 30   6  17  31   8  20   9   2  25  13  18   1  26  23  24  29
MSO 77: 30   6  17  31   8  22  20   9   2  25  13  18   1  26  23  27
MSO 78: 30   6  17  31   8  20   9   2  25  13  18  22   1  26  23  24
MSO 79: 1   2   5  12   4  18  20  23  24  25  26  27  13
MSO 80: 1   9   2   5  12   4  25  13  23  24  26  27  20
MSO 81: 1   9   2   5  12   4  25  13  18  24  26  27  23
MSO 82: 1   9   2   5  12   4  25  13  18  20  26  27  24
MSO 83: 1   9   2   5  12   4  25  13  18  20  23  27  26
MSO 84: 1   9   2   5  12   4  25  13  18  20  23  24  27
MSO 85: 1   9   2   5  12   4  25  13  18  20  23  24  26
MSO 86: 1   2   5  12   4  17  22  29  31   8  20  23  24  25  26  27  18
MSO 87: 1   2   5  12   4  17  22  29  31   8  13  23  24  25  26  27  20
MSO 88: 1   2  17  22  29  31   8  13  18   5  12   4  20  25  26  27  24
MSO 89: 1   2  17  22  29  31   8  13  18   5  12   4  20  23  26  27  25
MSO 90: 1   2  17  22  29  31   8  13  18   5  12   4  20  23  24  27  26
MSO 91: 1   2  17  22  29  31   8  13  18   5  12   4  20  23  24  25  27
MSO 92: 1   2  17  22  29  31   8  13  18   5  12   4  20  23  24  25  26
MSO 93: 1   2   5  12   4  17  22  29  31   8   9  23  24  25  26  27  20
MSO 94: 1   2   5  12   4  17  22  29  31   8   9  18  24  25  26  27  23
MSO 95: 1   2   5  12   4  17  22  29  31   8   9  18  20  25  26  27  24
MSO 96: 1   2   5  12   4  17  22  29  31   8   9  18  20  23  26  27  25
MSO 97: 1   9  18  20  23  24   2   5  12   4  17  22  29  31   8  25  27
MSO 98: 1   9  18  20  23  24   2   5  12   4  17  22  29  31   8  25  26
MSO 99: 1   2   5  12   4  17  22  29  31   8   9  13  24  25  26  27  23
MSO 100: 1   2   5  12   4  17  22  29  31   8   9  13  20  25  26  27  24
MSO 101: 1   2   5  12   4  17  22  29  31   8   9  13  20  23  26  27  25
MSO 102: 1   2   5  12   4  17  22  29  31   8   9  13  20  23  24  27  26
MSO 103: 1   2   5  12   4  17  22  29  31   8   9  13  20  23  24  25  27
MSO 104: 1   2   5  12   4  17  22  29  31   8   9  13  20  23  24  25  26
MSO 105: 1   2   5  12   4  17  22  29  31   8   9  13  18  25  26  27  24
MSO 106: 1   2   5  12   4  17  22  29  31   8   9  13  18  23  26  27  25
MSO 107: 1   2   5  12   4  17  22  29  31   8   9  13  18  23  24  27  26
MSO 108: 1   2   5  12   4  17  22  29  31   8   9  13  18  23  24  25  27
MSO 109: 1   2   5  12   4  17  22  29  31   8   9  13  18  23  24  25  26
MSO 110: 1   2   5  12   4  17  22  29  31   8   9  13  18  20  26  27  25
MSO 111: 1   2   5  12   4  17  22  29  31   8   9  13  18  20  24  27  26
MSO 112: 2  17  22  29  31   8   9  13  18  20  24  25   1   5  12   4  26
MSO 113: 1   2   5  12   4  17  22  29  31   8   9  13  18  20  23  27  26
MSO 114: 1   2   5  12   4  17  22  29  31   8   9  13  18  20  23  25  27
MSO 115: 1   2   5  12   4  17  22  29  31   8   9  13  18  20  23  25  26
MSO 116: 1   2   5  12   4  17  22  29  31   8   9  13  18  20  23  24  27
MSO 117: 1   2   5  12   4  17  22  29  31   8   9  13  18  20  23  24  26
MSO 118: 1   2   5  12   4  17  22  29  31   8   9  13  18  20  23  24  25
MSO 119: 1   2   5  12   4  30   6  20  22  23  24  25  26  27  29  18
MSO 120: 1   2   5  12   4  30   6  13  22  23  24  25  26  27  29  20
MSO 121: 1   2  13  18   5  12   4  20  30   6  29  22  25  26  27  24
MSO 122: 1   2  13  18   5  12   4  20  30   6  29  22  23  26  27  25
MSO 123: 1   2  13  18   5  12   4  20  30   6  29  22  23  24  27  26
MSO 124: 1   2  13  18   5  12   4  20  30   6  29  22  23  24  25  27
MSO 125: 1   2  13  18   5  12   4  20  30   6  29  22  23  24  25  26
MSO 126: 1   2   5  12   4  30   6   9  22  23  24  25  26  27  29  20
MSO 127: 1   2   5  12   4  30   6   9  18  23  24  25  26  27  29  22
MSO 128: 1   9  18  20   2   5  12   4  30   6  25  29  22  26  27  24
MSO 129: 1   9  18  20   2   5  12   4  30   6  25  29  22  23  27  26
MSO 130: 1   9  18  20   2   5  12   4  30   6  25  29  22  23  24  27
MSO 131: 1   9  18  20   2   5  12   4  30   6  25  29  22  23  24  26
MSO 132: 1   2   5  12   4  30   6   9  13  23  24  25  26  27  29  22
MSO 133: 1   2   5  12   4   9  13  20  30   6  29  22  25  26  27  24
MSO 134: 1   2   5  12   4   9  13  20  30   6  29  22  23  26  27  25
MSO 135: 1   2   5  12   4   9  13  20  30   6  29  22  23  24  27  26
MSO 136: 1   2   5  12   4   9  13  20  30   6  29  22  23  24  25  27
MSO 137: 1   2   5  12   4   9  13  20  30   6  29  22  23  24  25  26
MSO 138: 1   2   5  12   4   9  13  18  30   6  29  22  25  26  27  24
MSO 139: 1   2   5  12   4   9  13  18  30   6  29  22  23  26  27  25
MSO 140: 1   2   5  12   4   9  13  18  30   6  29  22  23  24  27  26
MSO 141: 1   2   5  12   4   9  13  18  30   6  29  22  23  24  25  27
MSO 142: 1   2   5  12   4   9  13  18  30   6  29  22  23  24  25  26
MSO 143: 1   2   5  12   4   9  13  18  20  30   6  29  22  26  27  25
MSO 144: 1   2   5  12   4   9  13  18  20  30   6  29  22  24  27  26
MSO 145: 2   9  13  18  20  30   6  29  22  24  25   1   5  12   4  26
MSO 146: 1   2   5  12   4   9  13  18  20  30   6  29  22  23  27  26
MSO 147: 1   2   5  12   4   9  13  18  20  30   6  29  22  23  25  27
MSO 148: 1   2   5  12   4   9  13  18  20  30   6  29  22  23  25  26
MSO 149: 1   2   5  12   4   9  13  18  20  30   6  29  22  23  24  27
MSO 150: 1   2   5  12   4   9  13  18  20  30   6  29  22  23  24  26
MSO 151: 1   2   5  12   4   9  13  18  20  30   6  29  22  23  24  25
MSO 152: 30   6  17  31   8   1   2   5  12   4  20  23  24  25  26  27  18  29
MSO 153: 30   6  17  31   8   1   2   5  12   4  20  23  24  25  26  27  18  22
MSO 154: 30   6  17  31   8   1   2   5  12   4  13  23  24  25  26  27  20  29
MSO 155: 30   6  17  31   8   1   2   5  12   4  13  23  24  25  26  27  20  22
MSO 156: 1   2  30   6  17  31   8  13  18   5  12   4  20  25  26  27  29  24
MSO 157: 1   2  30   6  17  31   8  13  18   5  12   4  20  23  26  27  29  25
MSO 158: 1   2  30   6  17  31   8  13  18   5  12   4  20  23  24  27  29  26
MSO 159: 1   2  30   6  17  31   8  13  18   5  12   4  20  23  24  25  29  27
MSO 160: 1   2  30   6  17  31   8  13  18   5  12   4  20  23  24  25  26  29
MSO 161: 30   6  17  31   8  22   1   2  13  18   5  12   4  20  25  26  27  24
MSO 162: 30   6  17  31   8  22   1   2  13  18   5  12   4  20  23  26  27  25
MSO 163: 30   6  17  31   8  22   1   2  13  18   5  12   4  20  23  24  27  26
MSO 164: 30   6  17  31   8  22   1   2  13  18   5  12   4  20  23  24  25  27
MSO 165: 1   2  30   6  17  31   8  13  18   5  12   4  20  22  23  24  25  26
MSO 166: 30   6  17  31   8   1   2   5  12   4   9  23  24  25  26  27  20  29
MSO 167: 30   6  17  31   8   1   2   5  12   4   9  23  24  25  26  27  20  22
MSO 168: 1   2   5  12   4  30   6  17  31   8   9  18  24  25  26  27  29  23
MSO 169: 30   6  17  31   8  22   1   2   5  12   4   9  18  24  25  26  27  23
MSO 170: 1   2   5  12   4  30   6  17  31   8   9  18  20  25  26  27  29  24
MSO 171: 1   2   5  12   4  30   6  17  31   8   9  18  20  23  26  27  29  25
MSO 172: 1   9  18  20  23  24   2   5  12   4  30   6  17  31   8  29  25  27
MSO 173: 1   9  18  20  23  24   2   5  12   4  30   6  17  31   8  29  25  26
MSO 174: 30   6  17  31   8  22   1   2   5  12   4   9  18  20  25  26  27  24
MSO 175: 30   6  17  31   8  22   1   2   5  12   4   9  18  20  23  26  27  25
MSO 176: 30   6  17  31   8  22   1   9  18  20  23  24   2   5  12   4  25  27
MSO 177: 1  30   6  17  31   8   9  18  20  22  23  24   2   5  12   4  25  26
MSO 178: 1   2   5  12   4  30   6  17  31   8   9  13  24  25  26  27  29  23
MSO 179: 30   6  17  31   8  22   1   2   5  12   4   9  13  24  25  26  27  23
MSO 180: 1   2   5  12   4  30   6  17  31   8   9  13  20  25  26  27  29  24
MSO 181: 1   2   5  12   4  30   6  17  31   8   9  13  20  23  26  27  29  25
MSO 182: 1   2   5  12   4  30   6  17  31   8   9  13  20  23  24  27  29  26
MSO 183: 1   2   5  12   4  30   6  17  31   8   9  13  20  23  24  25  29  27
MSO 184: 1   2   5  12   4  30   6  17  31   8   9  13  20  23  24  25  26  29
MSO 185: 30   6  17  31   8  22   1   2   5  12   4   9  13  20  25  26  27  24
MSO 186: 30   6  17  31   8  22   1   2   5  12   4   9  13  20  23  26  27  25
MSO 187: 30   6  17  31   8  22   1   2   5  12   4   9  13  20  23  24  27  26
MSO 188: 30   6  17  31   8  22   1   2   5  12   4   9  13  20  23  24  25  27
MSO 189: 1   2   5  12   4  30   6  17  31   8   9  13  20  22  23  24  25  26
MSO 190: 1   2   5  12   4  30   6  17  31   8   9  13  18  25  26  27  29  24
MSO 191: 1   2   5  12   4  30   6  17  31   8   9  13  18  23  26  27  29  25
MSO 192: 1   2   5  12   4  30   6  17  31   8   9  13  18  23  24  27  29  26
MSO 193: 1   2   5  12   4  30   6  17  31   8   9  13  18  23  24  25  29  27
MSO 194: 1   2   5  12   4  30   6  17  31   8   9  13  18  23  24  25  26  29
MSO 195: 30   6  17  31   8  22   1   2   5  12   4   9  13  18  25  26  27  24
MSO 196: 30   6  17  31   8  22   1   2   5  12   4   9  13  18  23  26  27  25
MSO 197: 30   6  17  31   8  22   1   2   5  12   4   9  13  18  23  24  27  26
MSO 198: 30   6  17  31   8  22   1   2   5  12   4   9  13  18  23  24  25  27
MSO 199: 1   2   5  12   4  30   6  17  31   8   9  13  18  22  23  24  25  26
MSO 200: 1   2   5  12   4  30   6  17  31   8   9  13  18  20  26  27  29  25
MSO 201: 1   2   5  12   4  30   6  17  31   8   9  13  18  20  24  27  29  26
MSO 202: 2  30   6  17  31   8   9  13  18  20  24  25   1   5  12   4  26  29
MSO 203: 1   2   5  12   4  30   6  17  31   8   9  13  18  20  23  27  29  26
MSO 204: 1   2   5  12   4  30   6  17  31   8   9  13  18  20  23  25  29  27
MSO 205: 1   2   5  12   4  30   6  17  31   8   9  13  18  20  23  25  26  29
MSO 206: 1   2   5  12   4  30   6  17  31   8   9  13  18  20  23  24  29  27
MSO 207: 1   2   5  12   4  30   6  17  31   8   9  13  18  20  23  24  26  29
MSO 208: 1   2   5  12   4  30   6  17  31   8   9  13  18  20  23  24  25  29
MSO 209: 30   6  17  31   8  22   1   2   5  12   4   9  13  18  20  26  27  25
MSO 210: 30   6  17  31   8  22   1   2   5  12   4   9  13  18  20  24  27  26
MSO 211: 2  30   6  17  31   8   9  13  18  20  22  24  25   1   5  12   4  26
MSO 212: 30   6  17  31   8  22   1   2   5  12   4   9  13  18  20  23  27  26
MSO 213: 30   6  17  31   8  22   1   2   5  12   4   9  13  18  20  23  25  27
MSO 214: 1   2   5  12   4  30   6  17  31   8   9  13  18  20  22  23  25  26
MSO 215: 30   6  17  31   8  22   1   2   5  12   4   9  13  18  20  23  24  27
MSO 216: 1   2   5  12   4  30   6  17  31   8   9  13  18  20  22  23  24  26
MSO 217: 1   2   5  12   4  30   6  17  31   8   9  13  18  20  22  23  24  25
